A: 650, (6.551701, 6.418614, 8.320366), 1.267283
B: 568, (9.060148, 8.703638, 7.985728), 1.502653
C: 671, (6.680454, 7.571385, 6.740581), 1.318358
D: 836, (4.232221, 6.413617, 7.359940), 1.452524
E: 714, (7.783232, 8.229624, 9.226232), 1.337846
F: 657, (5.645602, 8.108962, 8.391168), 1.250508
